2024/10/24-14:52:09.067726 764c RocksDB version: 8.8.1
2024/10/24-14:52:09.067830 764c Git sha 986b8b9f20893dec811d8ecdb97b6a47f20d322d
2024/10/24-14:52:09.067855 764c Compile date 2023-11-23 10:47:11
2024/10/24-14:52:09.067875 764c DB SUMMARY
2024/10/24-14:52:09.067894 764c Host name (Env):  N2-ITPSC3
2024/10/24-14:52:09.067909 764c DB Session ID:  RR12NSA8KSV4EUCF44AN
2024/10/24-14:52:09.069257 764c CURRENT file:  CURRENT
2024/10/24-14:52:09.069292 764c IDENTITY file:  IDENTITY
2024/10/24-14:52:09.069914 764c MANIFEST file:  MANIFEST-000011 size: 381 Bytes
2024/10/24-14:52:09.069940 764c SST files in C:\Users\LHY834A\Desktop\self_project\seata-shop-cloud\nacos-server-2.4.3\nacos\data\protocol\raft\naming_instance_metadata\log dir, Total Num: 2, files: 000008.sst 000009.sst 
2024/10/24-14:52:09.070089 764c Write Ahead Log file in C:\Users\LHY834A\Desktop\self_project\seata-shop-cloud\nacos-server-2.4.3\nacos\data\protocol\raft\naming_instance_metadata\log: 000010.log size: 5873 ; 
2024/10/24-14:52:09.070109 764c                         Options.error_if_exists: 0
2024/10/24-14:52:09.070116 764c                       Options.create_if_missing: 1
2024/10/24-14:52:09.070122 764c                         Options.paranoid_checks: 1
2024/10/24-14:52:09.070127 764c             Options.flush_verify_memtable_count: 1
2024/10/24-14:52:09.070131 764c          Options.compaction_verify_record_count: 1
2024/10/24-14:52:09.070136 764c                               Options.track_and_verify_wals_in_manifest: 0
2024/10/24-14:52:09.070141 764c        Options.verify_sst_unique_id_in_manifest: 1
2024/10/24-14:52:09.070146 764c                                     Options.env: 00000238147FA170
2024/10/24-14:52:09.070151 764c                                      Options.fs: WinFS
2024/10/24-14:52:09.070157 764c                                Options.info_log: 000002381899A0A0
2024/10/24-14:52:09.070162 764c                Options.max_file_opening_threads: 16
2024/10/24-14:52:09.070166 764c                              Options.statistics: 0000023811EA90E0
2024/10/24-14:52:09.070171 764c                              Options.statistics stats level: 3
2024/10/24-14:52:09.070176 764c                               Options.use_fsync: 0
2024/10/24-14:52:09.070180 764c                       Options.max_log_file_size: 0
2024/10/24-14:52:09.070185 764c                  Options.max_manifest_file_size: 1073741824
2024/10/24-14:52:09.070190 764c                   Options.log_file_time_to_roll: 0
2024/10/24-14:52:09.070194 764c                       Options.keep_log_file_num: 100
2024/10/24-14:52:09.070199 764c                    Options.recycle_log_file_num: 0
2024/10/24-14:52:09.070204 764c                         Options.allow_fallocate: 1
2024/10/24-14:52:09.070209 764c                        Options.allow_mmap_reads: 0
2024/10/24-14:52:09.070214 764c                       Options.allow_mmap_writes: 0
2024/10/24-14:52:09.070218 764c                        Options.use_direct_reads: 0
2024/10/24-14:52:09.070223 764c                        Options.use_direct_io_for_flush_and_compaction: 0
2024/10/24-14:52:09.070228 764c          Options.create_missing_column_families: 1
2024/10/24-14:52:09.070233 764c                              Options.db_log_dir: 
2024/10/24-14:52:09.070237 764c                                 Options.wal_dir: 
2024/10/24-14:52:09.070242 764c                Options.table_cache_numshardbits: 6
2024/10/24-14:52:09.070247 764c                         Options.WAL_ttl_seconds: 0
2024/10/24-14:52:09.070251 764c                       Options.WAL_size_limit_MB: 0
2024/10/24-14:52:09.070256 764c                        Options.max_write_batch_group_size_bytes: 1048576
2024/10/24-14:52:09.070261 764c             Options.manifest_preallocation_size: 4194304
2024/10/24-14:52:09.070265 764c                     Options.is_fd_close_on_exec: 1
2024/10/24-14:52:09.070270 764c                   Options.advise_random_on_open: 1
2024/10/24-14:52:09.070275 764c                    Options.db_write_buffer_size: 0
2024/10/24-14:52:09.070279 764c                    Options.write_buffer_manager: 000002387F9DD7A0
2024/10/24-14:52:09.070328 764c         Options.access_hint_on_compaction_start: 1
2024/10/24-14:52:09.070336 764c           Options.random_access_max_buffer_size: 1048576
2024/10/24-14:52:09.070341 764c                      Options.use_adaptive_mutex: 0
2024/10/24-14:52:09.070346 764c                            Options.rate_limiter: 0000000000000000
2024/10/24-14:52:09.070363 764c     Options.sst_file_manager.rate_bytes_per_sec: 0
2024/10/24-14:52:09.070369 764c                       Options.wal_recovery_mode: 2
2024/10/24-14:52:09.070374 764c                  Options.enable_thread_tracking: 0
2024/10/24-14:52:09.070378 764c                  Options.enable_pipelined_write: 0
2024/10/24-14:52:09.070383 764c                  Options.unordered_write: 0
2024/10/24-14:52:09.070388 764c         Options.allow_concurrent_memtable_write: 1
2024/10/24-14:52:09.070392 764c      Options.enable_write_thread_adaptive_yield: 1
2024/10/24-14:52:09.070397 764c             Options.write_thread_max_yield_usec: 100
2024/10/24-14:52:09.070401 764c            Options.write_thread_slow_yield_usec: 3
2024/10/24-14:52:09.070406 764c                               Options.row_cache: None
2024/10/24-14:52:09.070411 764c                              Options.wal_filter: None
2024/10/24-14:52:09.070416 764c             Options.avoid_flush_during_recovery: 0
2024/10/24-14:52:09.070420 764c             Options.allow_ingest_behind: 0
2024/10/24-14:52:09.070425 764c             Options.two_write_queues: 0
2024/10/24-14:52:09.070429 764c             Options.manual_wal_flush: 0
2024/10/24-14:52:09.070434 764c             Options.wal_compression: 0
2024/10/24-14:52:09.070439 764c             Options.atomic_flush: 0
2024/10/24-14:52:09.070443 764c             Options.avoid_unnecessary_blocking_io: 0
2024/10/24-14:52:09.070448 764c                 Options.persist_stats_to_disk: 0
2024/10/24-14:52:09.070452 764c                 Options.write_dbid_to_manifest: 0
2024/10/24-14:52:09.070457 764c                 Options.log_readahead_size: 0
2024/10/24-14:52:09.070462 764c                 Options.file_checksum_gen_factory: Unknown
2024/10/24-14:52:09.070466 764c                 Options.best_efforts_recovery: 0
2024/10/24-14:52:09.070471 764c                Options.max_bgerror_resume_count: 2147483647
2024/10/24-14:52:09.070476 764c            Options.bgerror_resume_retry_interval: 1000000
2024/10/24-14:52:09.070481 764c             Options.allow_data_in_errors: 0
2024/10/24-14:52:09.070485 764c             Options.db_host_id: __hostname__
2024/10/24-14:52:09.070490 764c             Options.enforce_single_del_contracts: true
2024/10/24-14:52:09.070495 764c             Options.max_background_jobs: 2
2024/10/24-14:52:09.070500 764c             Options.max_background_compactions: -1
2024/10/24-14:52:09.070504 764c             Options.max_subcompactions: 1
2024/10/24-14:52:09.070509 764c             Options.avoid_flush_during_shutdown: 0
2024/10/24-14:52:09.070514 764c           Options.writable_file_max_buffer_size: 1048576
2024/10/24-14:52:09.070519 764c             Options.delayed_write_rate : 16777216
2024/10/24-14:52:09.070524 764c             Options.max_total_wal_size: 1073741824
2024/10/24-14:52:09.070528 764c             Options.delete_obsolete_files_period_micros: 21600000000
2024/10/24-14:52:09.070533 764c                   Options.stats_dump_period_sec: 600
2024/10/24-14:52:09.070537 764c                 Options.stats_persist_period_sec: 600
2024/10/24-14:52:09.070543 764c                 Options.stats_history_buffer_size: 1048576
2024/10/24-14:52:09.070547 764c                          Options.max_open_files: -1
2024/10/24-14:52:09.070552 764c                          Options.bytes_per_sync: 0
2024/10/24-14:52:09.070557 764c                      Options.wal_bytes_per_sync: 0
2024/10/24-14:52:09.070562 764c                   Options.strict_bytes_per_sync: 0
2024/10/24-14:52:09.070566 764c       Options.compaction_readahead_size: 2097152
2024/10/24-14:52:09.070571 764c                  Options.max_background_flushes: -1
2024/10/24-14:52:09.070601 764c Options.daily_offpeak_time_utc: 
2024/10/24-14:52:09.070611 764c Compression algorithms supported:
2024/10/24-14:52:09.070621 764c 	kZSTD supported: 1
2024/10/24-14:52:09.070626 764c 	kSnappyCompression supported: 1
2024/10/24-14:52:09.070631 764c 	kBZip2Compression supported: 0
2024/10/24-14:52:09.070638 764c 	kZlibCompression supported: 1
2024/10/24-14:52:09.070643 764c 	kLZ4Compression supported: 1
2024/10/24-14:52:09.070648 764c 	kXpressCompression supported: 0
2024/10/24-14:52:09.070654 764c 	kLZ4HCCompression supported: 1
2024/10/24-14:52:09.070661 764c 	kZSTDNotFinalCompression supported: 1
2024/10/24-14:52:09.070674 764c Fast CRC32 supported: Not supported on x86
2024/10/24-14:52:09.070679 764c DMutex implementation: std::mutex
2024/10/24-14:52:09.081666 764c [db\version_set.cc:5906] Recovering from manifest file: C:\Users\LHY834A\Desktop\self_project\seata-shop-cloud\nacos-server-2.4.3\nacos\data\protocol\raft\naming_instance_metadata\log/MANIFEST-000011
2024/10/24-14:52:09.081984 764c [db\column_family.cc:618] --------------- Options for column family [default]:
2024/10/24-14:52:09.082007 764c               Options.comparator: leveldb.BytewiseComparator
2024/10/24-14:52:09.082012 764c           Options.merge_operator: StringAppendOperator
2024/10/24-14:52:09.082016 764c        Options.compaction_filter: None
2024/10/24-14:52:09.082019 764c        Options.compaction_filter_factory: None
2024/10/24-14:52:09.082023 764c  Options.sst_partitioner_factory: None
2024/10/24-14:52:09.082026 764c         Options.memtable_factory: SkipListFactory
2024/10/24-14:52:09.082030 764c            Options.table_factory: BlockBasedTable
2024/10/24-14:52:09.082070 764c            table_factory options:   flush_block_policy_factory: FlushBlockBySizePolicyFactory (000002381468BD70)
  cache_index_and_filter_blocks: 0
  cache_index_and_filter_blocks_with_high_priority: 1
  pin_l0_filter_and_index_blocks_in_cache: 1
  pin_top_level_index_and_filter: 1
  index_type: 2
  data_block_index_type: 0
  index_shortening: 1
  data_block_hash_table_util_ratio: 0.750000
  checksum: 4
  no_block_cache: 0
  block_cache: 000002387F9DB050
  block_cache_name: LRUCache
  block_cache_options:
    capacity : 8388608
    num_shard_bits : 4
    strict_capacity_limit : 0
    memory_allocator : None
    high_pri_pool_ratio: 0.500
    low_pri_pool_ratio: 0.000
  persistent_cache: 0000000000000000
  block_size: 4096
  block_size_deviation: 10
  block_restart_interval: 16
  index_block_restart_interval: 1
  metadata_block_size: 8192
  partition_filters: 1
  use_delta_encoding: 1
  filter_policy: nullptr
  whole_key_filtering: 1
  verify_compression: 0
  read_amp_bytes_per_bit: 0
  format_version: 5
  enable_index_compression: 1
  block_align: 0
  max_auto_readahead_size: 262144
  prepopulate_block_cache: 0
  initial_auto_readahead_size: 8192
  num_file_reads_for_auto_readahead: 2
2024/10/24-14:52:09.082081 764c        Options.write_buffer_size: 67108864
2024/10/24-14:52:09.082086 764c  Options.max_write_buffer_number: 3
2024/10/24-14:52:09.082090 764c          Options.compression: Snappy
2024/10/24-14:52:09.082093 764c                  Options.bottommost_compression: Disabled
2024/10/24-14:52:09.082097 764c       Options.prefix_extractor: rocksdb.FixedPrefix
2024/10/24-14:52:09.082100 764c   Options.memtable_insert_with_hint_prefix_extractor: nullptr
2024/10/24-14:52:09.082104 764c             Options.num_levels: 7
2024/10/24-14:52:09.082107 764c        Options.min_write_buffer_number_to_merge: 1
2024/10/24-14:52:09.082110 764c     Options.max_write_buffer_number_to_maintain: 0
2024/10/24-14:52:09.082114 764c     Options.max_write_buffer_size_to_maintain: 0
2024/10/24-14:52:09.082117 764c            Options.bottommost_compression_opts.window_bits: -14
2024/10/24-14:52:09.082120 764c                  Options.bottommost_compression_opts.level: 32767
2024/10/24-14:52:09.082125 764c               Options.bottommost_compression_opts.strategy: 0
2024/10/24-14:52:09.082129 764c         Options.bottommost_compression_opts.max_dict_bytes: 0
2024/10/24-14:52:09.082135 764c         Options.bottommost_compression_opts.zstd_max_train_bytes: 0
2024/10/24-14:52:09.082140 764c         Options.bottommost_compression_opts.parallel_threads: 1
2024/10/24-14:52:09.082143 764c                  Options.bottommost_compression_opts.enabled: false
2024/10/24-14:52:09.082147 764c         Options.bottommost_compression_opts.max_dict_buffer_bytes: 0
2024/10/24-14:52:09.082150 764c         Options.bottommost_compression_opts.use_zstd_dict_trainer: true
2024/10/24-14:52:09.082153 764c            Options.compression_opts.window_bits: -14
2024/10/24-14:52:09.082157 764c                  Options.compression_opts.level: 32767
2024/10/24-14:52:09.082160 764c               Options.compression_opts.strategy: 0
2024/10/24-14:52:09.082163 764c         Options.compression_opts.max_dict_bytes: 0
2024/10/24-14:52:09.082167 764c         Options.compression_opts.zstd_max_train_bytes: 0
2024/10/24-14:52:09.082170 764c         Options.compression_opts.use_zstd_dict_trainer: true
2024/10/24-14:52:09.082178 764c         Options.compression_opts.parallel_threads: 1
2024/10/24-14:52:09.082188 764c                  Options.compression_opts.enabled: false
2024/10/24-14:52:09.082198 764c         Options.compression_opts.max_dict_buffer_bytes: 0
2024/10/24-14:52:09.082203 764c      Options.level0_file_num_compaction_trigger: 10
2024/10/24-14:52:09.082206 764c          Options.level0_slowdown_writes_trigger: 20
2024/10/24-14:52:09.082210 764c              Options.level0_stop_writes_trigger: 40
2024/10/24-14:52:09.082213 764c                   Options.target_file_size_base: 67108864
2024/10/24-14:52:09.082216 764c             Options.target_file_size_multiplier: 1
2024/10/24-14:52:09.082220 764c                Options.max_bytes_for_level_base: 536870912
2024/10/24-14:52:09.082223 764c Options.level_compaction_dynamic_level_bytes: 1
2024/10/24-14:52:09.082226 764c          Options.max_bytes_for_level_multiplier: 10.000000
2024/10/24-14:52:09.082231 764c Options.max_bytes_for_level_multiplier_addtl[0]: 1
2024/10/24-14:52:09.082234 764c Options.max_bytes_for_level_multiplier_addtl[1]: 1
2024/10/24-14:52:09.082238 764c Options.max_bytes_for_level_multiplier_addtl[2]: 1
2024/10/24-14:52:09.082241 764c Options.max_bytes_for_level_multiplier_addtl[3]: 1
2024/10/24-14:52:09.082244 764c Options.max_bytes_for_level_multiplier_addtl[4]: 1
2024/10/24-14:52:09.082247 764c Options.max_bytes_for_level_multiplier_addtl[5]: 1
2024/10/24-14:52:09.082251 764c Options.max_bytes_for_level_multiplier_addtl[6]: 1
2024/10/24-14:52:09.082254 764c       Options.max_sequential_skip_in_iterations: 8
2024/10/24-14:52:09.082257 764c                    Options.max_compaction_bytes: 1677721600
2024/10/24-14:52:09.082261 764c   Options.ignore_max_compaction_bytes_for_input: true
2024/10/24-14:52:09.082264 764c                        Options.arena_block_size: 1048576
2024/10/24-14:52:09.082268 764c   Options.soft_pending_compaction_bytes_limit: 68719476736
2024/10/24-14:52:09.082271 764c   Options.hard_pending_compaction_bytes_limit: 274877906944
2024/10/24-14:52:09.082274 764c                Options.disable_auto_compactions: 0
2024/10/24-14:52:09.082279 764c                        Options.compaction_style: kCompactionStyleLevel
2024/10/24-14:52:09.082283 764c                          Options.compaction_pri: kMinOverlappingRatio
2024/10/24-14:52:09.082287 764c Options.compaction_options_universal.size_ratio: 1
2024/10/24-14:52:09.082290 764c Options.compaction_options_universal.min_merge_width: 2
2024/10/24-14:52:09.082293 764c Options.compaction_options_universal.max_merge_width: 4294967295
2024/10/24-14:52:09.082296 764c Options.compaction_options_universal.max_size_amplification_percent: 200
2024/10/24-14:52:09.082300 764c Options.compaction_options_universal.compression_size_percent: -1
2024/10/24-14:52:09.082304 764c Options.compaction_options_universal.stop_style: kCompactionStopStyleTotalSize
2024/10/24-14:52:09.082307 764c Options.compaction_options_fifo.max_table_files_size: 1073741824
2024/10/24-14:52:09.082311 764c Options.compaction_options_fifo.allow_compaction: 0
2024/10/24-14:52:09.082366 764c                   Options.table_properties_collectors: 
2024/10/24-14:52:09.082373 764c                   Options.inplace_update_support: 0
2024/10/24-14:52:09.082376 764c                 Options.inplace_update_num_locks: 10000
2024/10/24-14:52:09.082380 764c               Options.memtable_prefix_bloom_size_ratio: 0.125000
2024/10/24-14:52:09.082384 764c               Options.memtable_whole_key_filtering: 0
2024/10/24-14:52:09.082387 764c   Options.memtable_huge_page_size: 0
2024/10/24-14:52:09.082391 764c                           Options.bloom_locality: 0
2024/10/24-14:52:09.082394 764c                    Options.max_successive_merges: 0
2024/10/24-14:52:09.082397 764c                Options.optimize_filters_for_hits: 0
2024/10/24-14:52:09.082401 764c                Options.paranoid_file_checks: 0
2024/10/24-14:52:09.082404 764c                Options.force_consistency_checks: 1
2024/10/24-14:52:09.082410 764c                Options.report_bg_io_stats: 0
2024/10/24-14:52:09.082420 764c                               Options.ttl: 2592000
2024/10/24-14:52:09.082430 764c          Options.periodic_compaction_seconds: 0
2024/10/24-14:52:09.082441 764c                        Options.default_temperature: kUnknown
2024/10/24-14:52:09.082446 764c  Options.preclude_last_level_data_seconds: 0
2024/10/24-14:52:09.082450 764c    Options.preserve_internal_time_seconds: 0
2024/10/24-14:52:09.082453 764c                       Options.enable_blob_files: false
2024/10/24-14:52:09.082456 764c                           Options.min_blob_size: 0
2024/10/24-14:52:09.082460 764c                          Options.blob_file_size: 268435456
2024/10/24-14:52:09.082463 764c                   Options.blob_compression_type: NoCompression
2024/10/24-14:52:09.082467 764c          Options.enable_blob_garbage_collection: false
2024/10/24-14:52:09.082470 764c      Options.blob_garbage_collection_age_cutoff: 0.250000
2024/10/24-14:52:09.082475 764c Options.blob_garbage_collection_force_threshold: 1.000000
2024/10/24-14:52:09.082478 764c          Options.blob_compaction_readahead_size: 0
2024/10/24-14:52:09.082482 764c                Options.blob_file_starting_level: 0
2024/10/24-14:52:09.082485 764c         Options.experimental_mempurge_threshold: 0.000000
2024/10/24-14:52:09.082489 764c            Options.memtable_max_range_deletions: 0
2024/10/24-14:52:09.086873 764c [db\column_family.cc:618] --------------- Options for column family [Configuration]:
2024/10/24-14:52:09.086906 764c               Options.comparator: leveldb.BytewiseComparator
2024/10/24-14:52:09.086914 764c           Options.merge_operator: StringAppendOperator
2024/10/24-14:52:09.086919 764c        Options.compaction_filter: None
2024/10/24-14:52:09.086924 764c        Options.compaction_filter_factory: None
2024/10/24-14:52:09.086929 764c  Options.sst_partitioner_factory: None
2024/10/24-14:52:09.086935 764c         Options.memtable_factory: SkipListFactory
2024/10/24-14:52:09.086940 764c            Options.table_factory: BlockBasedTable
2024/10/24-14:52:09.086983 764c            table_factory options:   flush_block_policy_factory: FlushBlockBySizePolicyFactory (000002381468BD70)
  cache_index_and_filter_blocks: 0
  cache_index_and_filter_blocks_with_high_priority: 1
  pin_l0_filter_and_index_blocks_in_cache: 1
  pin_top_level_index_and_filter: 1
  index_type: 2
  data_block_index_type: 0
  index_shortening: 1
  data_block_hash_table_util_ratio: 0.750000
  checksum: 4
  no_block_cache: 0
  block_cache: 000002387F9DB050
  block_cache_name: LRUCache
  block_cache_options:
    capacity : 8388608
    num_shard_bits : 4
    strict_capacity_limit : 0
    memory_allocator : None
    high_pri_pool_ratio: 0.500
    low_pri_pool_ratio: 0.000
  persistent_cache: 0000000000000000
  block_size: 4096
  block_size_deviation: 10
  block_restart_interval: 16
  index_block_restart_interval: 1
  metadata_block_size: 8192
  partition_filters: 1
  use_delta_encoding: 1
  filter_policy: nullptr
  whole_key_filtering: 1
  verify_compression: 0
  read_amp_bytes_per_bit: 0
  format_version: 5
  enable_index_compression: 1
  block_align: 0
  max_auto_readahead_size: 262144
  prepopulate_block_cache: 0
  initial_auto_readahead_size: 8192
  num_file_reads_for_auto_readahead: 2
2024/10/24-14:52:09.086996 764c        Options.write_buffer_size: 67108864
2024/10/24-14:52:09.087003 764c  Options.max_write_buffer_number: 3
2024/10/24-14:52:09.087008 764c          Options.compression: Snappy
2024/10/24-14:52:09.087013 764c                  Options.bottommost_compression: Disabled
2024/10/24-14:52:09.087018 764c       Options.prefix_extractor: rocksdb.FixedPrefix
2024/10/24-14:52:09.087023 764c   Options.memtable_insert_with_hint_prefix_extractor: nullptr
2024/10/24-14:52:09.087028 764c             Options.num_levels: 7
2024/10/24-14:52:09.087032 764c        Options.min_write_buffer_number_to_merge: 1
2024/10/24-14:52:09.087037 764c     Options.max_write_buffer_number_to_maintain: 0
2024/10/24-14:52:09.087042 764c     Options.max_write_buffer_size_to_maintain: 0
2024/10/24-14:52:09.087047 764c            Options.bottommost_compression_opts.window_bits: -14
2024/10/24-14:52:09.087052 764c                  Options.bottommost_compression_opts.level: 32767
2024/10/24-14:52:09.087056 764c               Options.bottommost_compression_opts.strategy: 0
2024/10/24-14:52:09.087061 764c         Options.bottommost_compression_opts.max_dict_bytes: 0
2024/10/24-14:52:09.087067 764c         Options.bottommost_compression_opts.zstd_max_train_bytes: 0
2024/10/24-14:52:09.087072 764c         Options.bottommost_compression_opts.parallel_threads: 1
2024/10/24-14:52:09.087077 764c                  Options.bottommost_compression_opts.enabled: false
2024/10/24-14:52:09.087083 764c         Options.bottommost_compression_opts.max_dict_buffer_bytes: 0
2024/10/24-14:52:09.087089 764c         Options.bottommost_compression_opts.use_zstd_dict_trainer: true
2024/10/24-14:52:09.087095 764c            Options.compression_opts.window_bits: -14
2024/10/24-14:52:09.087100 764c                  Options.compression_opts.level: 32767
2024/10/24-14:52:09.087106 764c               Options.compression_opts.strategy: 0
2024/10/24-14:52:09.087110 764c         Options.compression_opts.max_dict_bytes: 0
2024/10/24-14:52:09.087116 764c         Options.compression_opts.zstd_max_train_bytes: 0
2024/10/24-14:52:09.087121 764c         Options.compression_opts.use_zstd_dict_trainer: true
2024/10/24-14:52:09.087127 764c         Options.compression_opts.parallel_threads: 1
2024/10/24-14:52:09.087132 764c                  Options.compression_opts.enabled: false
2024/10/24-14:52:09.087138 764c         Options.compression_opts.max_dict_buffer_bytes: 0
2024/10/24-14:52:09.087143 764c      Options.level0_file_num_compaction_trigger: 10
2024/10/24-14:52:09.087148 764c          Options.level0_slowdown_writes_trigger: 20
2024/10/24-14:52:09.087153 764c              Options.level0_stop_writes_trigger: 40
2024/10/24-14:52:09.087158 764c                   Options.target_file_size_base: 67108864
2024/10/24-14:52:09.087164 764c             Options.target_file_size_multiplier: 1
2024/10/24-14:52:09.087169 764c                Options.max_bytes_for_level_base: 536870912
2024/10/24-14:52:09.087174 764c Options.level_compaction_dynamic_level_bytes: 1
2024/10/24-14:52:09.087179 764c          Options.max_bytes_for_level_multiplier: 10.000000
2024/10/24-14:52:09.087185 764c Options.max_bytes_for_level_multiplier_addtl[0]: 1
2024/10/24-14:52:09.087190 764c Options.max_bytes_for_level_multiplier_addtl[1]: 1
2024/10/24-14:52:09.087195 764c Options.max_bytes_for_level_multiplier_addtl[2]: 1
2024/10/24-14:52:09.087199 764c Options.max_bytes_for_level_multiplier_addtl[3]: 1
2024/10/24-14:52:09.087204 764c Options.max_bytes_for_level_multiplier_addtl[4]: 1
2024/10/24-14:52:09.087209 764c Options.max_bytes_for_level_multiplier_addtl[5]: 1
2024/10/24-14:52:09.087213 764c Options.max_bytes_for_level_multiplier_addtl[6]: 1
2024/10/24-14:52:09.087218 764c       Options.max_sequential_skip_in_iterations: 8
2024/10/24-14:52:09.087223 764c                    Options.max_compaction_bytes: 1677721600
2024/10/24-14:52:09.087233 764c   Options.ignore_max_compaction_bytes_for_input: true
2024/10/24-14:52:09.087239 764c                        Options.arena_block_size: 1048576
2024/10/24-14:52:09.087243 764c   Options.soft_pending_compaction_bytes_limit: 68719476736
2024/10/24-14:52:09.087248 764c   Options.hard_pending_compaction_bytes_limit: 274877906944
2024/10/24-14:52:09.087253 764c                Options.disable_auto_compactions: 0
2024/10/24-14:52:09.087259 764c                        Options.compaction_style: kCompactionStyleLevel
2024/10/24-14:52:09.087265 764c                          Options.compaction_pri: kMinOverlappingRatio
2024/10/24-14:52:09.087270 764c Options.compaction_options_universal.size_ratio: 1
2024/10/24-14:52:09.087275 764c Options.compaction_options_universal.min_merge_width: 2
2024/10/24-14:52:09.087280 764c Options.compaction_options_universal.max_merge_width: 4294967295
2024/10/24-14:52:09.087285 764c Options.compaction_options_universal.max_size_amplification_percent: 200
2024/10/24-14:52:09.087290 764c Options.compaction_options_universal.compression_size_percent: -1
2024/10/24-14:52:09.087296 764c Options.compaction_options_universal.stop_style: kCompactionStopStyleTotalSize
2024/10/24-14:52:09.087301 764c Options.compaction_options_fifo.max_table_files_size: 1073741824
2024/10/24-14:52:09.087307 764c Options.compaction_options_fifo.allow_compaction: 0
2024/10/24-14:52:09.087317 764c                   Options.table_properties_collectors: 
2024/10/24-14:52:09.087325 764c                   Options.inplace_update_support: 0
2024/10/24-14:52:09.087330 764c                 Options.inplace_update_num_locks: 10000
2024/10/24-14:52:09.087336 764c               Options.memtable_prefix_bloom_size_ratio: 0.125000
2024/10/24-14:52:09.087343 764c               Options.memtable_whole_key_filtering: 0
2024/10/24-14:52:09.087349 764c   Options.memtable_huge_page_size: 0
2024/10/24-14:52:09.087354 764c                           Options.bloom_locality: 0
2024/10/24-14:52:09.087359 764c                    Options.max_successive_merges: 0
2024/10/24-14:52:09.087364 764c                Options.optimize_filters_for_hits: 0
2024/10/24-14:52:09.087369 764c                Options.paranoid_file_checks: 0
2024/10/24-14:52:09.087373 764c                Options.force_consistency_checks: 1
2024/10/24-14:52:09.087379 764c                Options.report_bg_io_stats: 0
2024/10/24-14:52:09.087384 764c                               Options.ttl: 2592000
2024/10/24-14:52:09.087389 764c          Options.periodic_compaction_seconds: 0
2024/10/24-14:52:09.087395 764c                        Options.default_temperature: kUnknown
2024/10/24-14:52:09.087401 764c  Options.preclude_last_level_data_seconds: 0
2024/10/24-14:52:09.087406 764c    Options.preserve_internal_time_seconds: 0
2024/10/24-14:52:09.087411 764c                       Options.enable_blob_files: false
2024/10/24-14:52:09.087416 764c                           Options.min_blob_size: 0
2024/10/24-14:52:09.087422 764c                          Options.blob_file_size: 268435456
2024/10/24-14:52:09.087427 764c                   Options.blob_compression_type: NoCompression
2024/10/24-14:52:09.087433 764c          Options.enable_blob_garbage_collection: false
2024/10/24-14:52:09.087438 764c      Options.blob_garbage_collection_age_cutoff: 0.250000
2024/10/24-14:52:09.087445 764c Options.blob_garbage_collection_force_threshold: 1.000000
2024/10/24-14:52:09.087450 764c          Options.blob_compaction_readahead_size: 0
2024/10/24-14:52:09.087456 764c                Options.blob_file_starting_level: 0
2024/10/24-14:52:09.087461 764c         Options.experimental_mempurge_threshold: 0.000000
2024/10/24-14:52:09.087467 764c            Options.memtable_max_range_deletions: 0
2024/10/24-14:52:09.096646 764c [db\version_set.cc:5957] Recovered from manifest file:C:\Users\LHY834A\Desktop\self_project\seata-shop-cloud\nacos-server-2.4.3\nacos\data\protocol\raft\naming_instance_metadata\log/MANIFEST-000011 succeeded,manifest_file_number is 11, next_file_number is 13, last_sequence is 289, log_number is 5,prev_log_number is 0,max_column_family is 1,min_log_number_to_keep is 5
2024/10/24-14:52:09.096687 764c [db\version_set.cc:5966] Column family [default] (ID 0), log number is 5
2024/10/24-14:52:09.096697 764c [db\version_set.cc:5966] Column family [Configuration] (ID 1), log number is 5
2024/10/24-14:52:09.097624 764c [db\db_impl\db_impl_open.cc:646] DB ID: 8dd36819-8ada-11ef-b730-c8d9d23744a6
2024/10/24-14:52:09.099952 764c EVENT_LOG_v1 {"time_micros": 1729752729099935, "job": 1, "event": "recovery_started", "wal_files": [10]}
2024/10/24-14:52:09.099982 764c [db\db_impl\db_impl_open.cc:1145] Recovering log #10 mode 2
2024/10/24-14:52:09.114546 764c EVENT_LOG_v1 {"time_micros": 1729752729114480, "cf_name": "default", "job": 1, "event": "table_file_creation", "file_number": 14, "file_size": 1057, "file_checksum": "", "file_checksum_func_name": "Unknown", "smallest_seqno": 291, "largest_seqno": 291, "table_properties": {"data_size": 0, "index_size": 13, "index_partitions": 0, "top_level_index_size": 8, "index_key_is_user_key": 1, "index_value_is_delta_encoded": 1, "filter_size": 0, "raw_key_size": 16, "raw_average_key_size": 16, "raw_value_size": 8, "raw_average_value_size": 8, "num_data_blocks": 0, "num_entries": 1, "num_filter_entries": 0, "num_deletions": 1, "num_merge_operands": 0, "num_range_deletions": 1, "format_version": 0, "fixed_key_len": 0, "filter_policy": "", "column_family_name": "default", "column_family_id": 0, "comparator": "leveldb.BytewiseComparator", "user_defined_timestamps_persisted": 1, "merge_operator": "StringAppendOperator", "prefix_extractor_name": "rocksdb.FixedPrefix.8", "property_collectors": "[]", "compression": "Snappy", "compression_options": "window_bits=-14; level=32767; strategy=0; max_dict_bytes=0; zstd_max_train_bytes=0; enabled=0; max_dict_buffer_bytes=0; use_zstd_dict_trainer=1; ", "creation_time": 1729752729, "oldest_key_time": 0, "file_creation_time": 0, "slow_compression_estimated_data_size": 0, "fast_compression_estimated_data_size": 0, "db_id": "8dd36819-8ada-11ef-b730-c8d9d23744a6", "db_session_id": "RR12NSA8KSV4EUCF44AN", "orig_file_number": 14, "seqno_to_time_mapping": "N/A"}}
2024/10/24-14:52:09.141189 764c EVENT_LOG_v1 {"time_micros": 1729752729141134, "cf_name": "Configuration", "job": 1, "event": "table_file_creation", "file_number": 15, "file_size": 1202, "file_checksum": "", "file_checksum_func_name": "Unknown", "smallest_seqno": 292, "largest_seqno": 428, "table_properties": {"data_size": 44, "index_size": 65, "index_partitions": 1, "top_level_index_size": 30, "index_key_is_user_key": 1, "index_value_is_delta_encoded": 1, "filter_size": 0, "raw_key_size": 42, "raw_average_key_size": 21, "raw_value_size": 16, "raw_average_value_size": 8, "num_data_blocks": 1, "num_entries": 2, "num_filter_entries": 0, "num_deletions": 1, "num_merge_operands": 0, "num_range_deletions": 1, "format_version": 0, "fixed_key_len": 0, "filter_policy": "", "column_family_name": "Configuration", "column_family_id": 1, "comparator": "leveldb.BytewiseComparator", "user_defined_timestamps_persisted": 1, "merge_operator": "StringAppendOperator", "prefix_extractor_name": "rocksdb.FixedPrefix.8", "property_collectors": "[]", "compression": "Snappy", "compression_options": "window_bits=-14; level=32767; strategy=0; max_dict_bytes=0; zstd_max_train_bytes=0; enabled=0; max_dict_buffer_bytes=0; use_zstd_dict_trainer=1; ", "creation_time": 1729752729, "oldest_key_time": 0, "file_creation_time": 0, "slow_compression_estimated_data_size": 0, "fast_compression_estimated_data_size": 0, "db_id": "8dd36819-8ada-11ef-b730-c8d9d23744a6", "db_session_id": "RR12NSA8KSV4EUCF44AN", "orig_file_number": 15, "seqno_to_time_mapping": "N/A"}}
2024/10/24-14:52:09.174787 764c EVENT_LOG_v1 {"time_micros": 1729752729174776, "job": 1, "event": "recovery_finished"}
2024/10/24-14:52:09.175963 764c [db\version_set.cc:5417] Creating manifest 17
2024/10/24-14:52:09.250739 764c [file\delete_scheduler.cc:77] Deleted file C:\Users\LHY834A\Desktop\self_project\seata-shop-cloud\nacos-server-2.4.3\nacos\data\protocol\raft\naming_instance_metadata\log/000010.log immediately, rate_bytes_per_sec 0, total_trash_size 0 max_trash_db_ratio 0.250000
2024/10/24-14:52:09.251918 764c [db\db_impl\db_impl_open.cc:2150] SstFileManager instance 000002387E68EA00
2024/10/24-14:52:09.252939 764c DB pointer 000002387EB73040
2024/10/24-14:52:15.261655 6fb8 [db\db_impl\db_impl.cc:1141] ------- DUMPING STATS -------
2024/10/24-14:52:15.261725 6fb8 [db\db_impl\db_impl.cc:1142] 
** DB Stats **
Uptime(secs): 6.2 total, 6.2 interval
Cumulative writes: 5 writes, 5 keys, 5 commit groups, 1.0 writes per commit group, ingest: 0.00 GB, 0.00 MB/s
Cumulative WAL: 5 writes, 1 syncs, 5.00 writes per sync, written: 0.00 GB, 0.00 MB/s
Cumulative stall: 00:00:0.000 H:M:S, 0.0 percent
Interval writes: 5 writes, 5 keys, 5 commit groups, 1.0 writes per commit group, ingest: 0.00 MB, 0.00 MB/s
Interval WAL: 5 writes, 1 syncs, 5.00 writes per sync, written: 0.00 GB, 0.00 MB/s
Interval stall: 00:00:0.000 H:M:S, 0.0 percent
Write Stall (count): write-buffer-manager-limit-stops: 0

** Compaction Stats [default] **
Level    Files   Size     Score Read(GB)  Rn(GB) Rnp1(GB) Write(GB) Wnew(GB) Moved(GB) W-Amp Rd(MB/s) Wr(MB/s) Comp(sec) CompMergeCPU(sec) Comp(cnt) Avg(sec) KeyIn KeyDrop Rblob(GB) Wblob(GB)
------------------------------------------------------------------------------------------------------------------------------------------------------------------------------------------------
  L0      2/0    2.06 KB   0.2      0.0     0.0      0.0       0.0      0.0       0.0   1.0      0.0      0.1      0.01              0.00         1    0.014       0      0       0.0       0.0
 Sum      2/0    2.06 KB   0.0      0.0     0.0      0.0       0.0      0.0       0.0   1.0      0.0      0.1      0.01              0.00         1    0.014       0      0       0.0       0.0
 Int      0/0    0.00 KB   0.0      0.0     0.0      0.0       0.0      0.0       0.0   1.0      0.0      0.1      0.01              0.00         1    0.014       0      0       0.0       0.0

** Compaction Stats [default] **
Priority    Files   Size     Score Read(GB)  Rn(GB) Rnp1(GB) Write(GB) Wnew(GB) Moved(GB) W-Amp Rd(MB/s) Wr(MB/s) Comp(sec) CompMergeCPU(sec) Comp(cnt) Avg(sec) KeyIn KeyDrop Rblob(GB) Wblob(GB)
---------------------------------------------------------------------------------------------------------------------------------------------------------------------------------------------------
User      0/0    0.00 KB   0.0      0.0     0.0      0.0       0.0      0.0       0.0   0.0      0.0      0.1      0.01              0.00         1    0.014       0      0       0.0       0.0

Blob file count: 0, total size: 0.0 GB, garbage size: 0.0 GB, space amp: 0.0

Uptime(secs): 6.2 total, 6.2 interval
Flush(GB): cumulative 0.000, interval 0.000
AddFile(GB): cumulative 0.000, interval 0.000
AddFile(Total Files): cumulative 0, interval 0
AddFile(L0 Files): cumulative 0, interval 0
AddFile(Keys): cumulative 0, interval 0
Cumulative compaction: 0.00 GB write, 0.00 MB/s write, 0.00 GB read, 0.00 MB/s read, 0.0 seconds
Interval compaction: 0.00 GB write, 0.00 MB/s write, 0.00 GB read, 0.00 MB/s read, 0.0 seconds
Write Stall (count): cf-l0-file-count-limit-delays-with-ongoing-compaction: 0, cf-l0-file-count-limit-stops-with-ongoing-compaction: 0, l0-file-count-limit-delays: 0, l0-file-count-limit-stops: 0, memtable-limit-delays: 0, memtable-limit-stops: 0, pending-compaction-bytes-delays: 0, pending-compaction-bytes-stops: 0, total-delays: 0, total-stops: 0
Block cache LRUCache@000002387F9DB050#22444 capacity: 8.00 MB seed: 404611216 usage: 1.74 KB table_size: 256 occupancy: 9 collections: 1 last_copies: 1 last_secs: 6e-05 secs_since: 0
Block cache entry stats(count,size,portion): DataBlock(6,0.74 KB,0.00903606%) IndexBlock(2,0.23 KB,0.00281334%) Misc(1,0.00 KB,0%)

** File Read Latency Histogram By Level [default] **
** Level 0 read latency histogram (micros):
Count: 2 Average: 253.5000  StdDev: 225.50
Min: 28  Median: 34.0000  Max: 479
Percentiles: P50: 34.00 P75: 479.00 P99: 479.00 P99.9: 479.00 P99.99: 479.00
------------------------------------------------------
(      22,      34 ]        1  50.000%  50.000% ##########
(     380,     580 ]        1  50.000% 100.000% ##########


** Compaction Stats [Configuration] **
Level    Files   Size     Score Read(GB)  Rn(GB) Rnp1(GB) Write(GB) Wnew(GB) Moved(GB) W-Amp Rd(MB/s) Wr(MB/s) Comp(sec) CompMergeCPU(sec) Comp(cnt) Avg(sec) KeyIn KeyDrop Rblob(GB) Wblob(GB)
------------------------------------------------------------------------------------------------------------------------------------------------------------------------------------------------
  L0      2/0    2.35 KB   0.2      0.0     0.0      0.0       0.0      0.0       0.0   1.0      0.0      0.1      0.01              0.00         1    0.013       0      0       0.0       0.0
 Sum      2/0    2.35 KB   0.0      0.0     0.0      0.0       0.0      0.0       0.0   1.0      0.0      0.1      0.01              0.00         1    0.013       0      0       0.0       0.0
 Int      0/0    0.00 KB   0.0      0.0     0.0      0.0       0.0      0.0       0.0   1.0      0.0      0.1      0.01              0.00         1    0.013       0      0       0.0       0.0

** Compaction Stats [Configuration] **
Priority    Files   Size     Score Read(GB)  Rn(GB) Rnp1(GB) Write(GB) Wnew(GB) Moved(GB) W-Amp Rd(MB/s) Wr(MB/s) Comp(sec) CompMergeCPU(sec) Comp(cnt) Avg(sec) KeyIn KeyDrop Rblob(GB) Wblob(GB)
---------------------------------------------------------------------------------------------------------------------------------------------------------------------------------------------------
User      0/0    0.00 KB   0.0      0.0     0.0      0.0       0.0      0.0       0.0   0.0      0.0      0.1      0.01              0.00         1    0.013       0      0       0.0       0.0

Blob file count: 0, total size: 0.0 GB, garbage size: 0.0 GB, space amp: 0.0

Uptime(secs): 6.2 total, 6.2 interval
Flush(GB): cumulative 0.000, interval 0.000
AddFile(GB): cumulative 0.000, interval 0.000
AddFile(Total Files): cumulative 0, interval 0
AddFile(L0 Files): cumulative 0, interval 0
AddFile(Keys): cumulative 0, interval 0
Cumulative compaction: 0.00 GB write, 0.00 MB/s write, 0.00 GB read, 0.00 MB/s read, 0.0 seconds
Interval compaction: 0.00 GB write, 0.00 MB/s write, 0.00 GB read, 0.00 MB/s read, 0.0 seconds
Write Stall (count): cf-l0-file-count-limit-delays-with-ongoing-compaction: 0, cf-l0-file-count-limit-stops-with-ongoing-compaction: 0, l0-file-count-limit-delays: 0, l0-file-count-limit-stops: 0, memtable-limit-delays: 0, memtable-limit-stops: 0, pending-compaction-bytes-delays: 0, pending-compaction-bytes-stops: 0, total-delays: 0, total-stops: 0
Block cache LRUCache@000002387F9DB050#22444 capacity: 8.00 MB seed: 404611216 usage: 1.74 KB table_size: 256 occupancy: 9 collections: 1 last_copies: 1 last_secs: 6e-05 secs_since: 0
Block cache entry stats(count,size,portion): DataBlock(6,0.74 KB,0.00903606%) IndexBlock(2,0.23 KB,0.00281334%) Misc(1,0.00 KB,0%)

** File Read Latency Histogram By Level [Configuration] **
