2024/10/24-14:52:09.294346 764c RocksDB version: 8.8.1
2024/10/24-14:52:09.294969 764c Git sha 986b8b9f20893dec811d8ecdb97b6a47f20d322d
2024/10/24-14:52:09.295017 764c Compile date 2023-11-23 10:47:11
2024/10/24-14:52:09.295049 764c DB SUMMARY
2024/10/24-14:52:09.295075 764c Host name (Env):  N2-ITPSC3
2024/10/24-14:52:09.295093 764c DB Session ID:  RR12NSA8KSV4EUCF44AM
2024/10/24-14:52:09.296973 764c CURRENT file:  CURRENT
2024/10/24-14:52:09.297030 764c IDENTITY file:  IDENTITY
2024/10/24-14:52:09.297552 764c MANIFEST file:  MANIFEST-000011 size: 381 Bytes
2024/10/24-14:52:09.297595 764c SST files in C:\Users\LHY834A\Desktop\self_project\seata-shop-cloud\nacos-server-2.4.3\nacos\data\protocol\raft\naming_service_metadata\log dir, Total Num: 2, files: 000008.sst 000009.sst 
2024/10/24-14:52:09.297832 764c Write Ahead Log file in C:\Users\LHY834A\Desktop\self_project\seata-shop-cloud\nacos-server-2.4.3\nacos\data\protocol\raft\naming_service_metadata\log: 000010.log size: 5873 ; 
2024/10/24-14:52:09.297848 764c                         Options.error_if_exists: 0
2024/10/24-14:52:09.297853 764c                       Options.create_if_missing: 1
2024/10/24-14:52:09.297857 764c                         Options.paranoid_checks: 1
2024/10/24-14:52:09.297860 764c             Options.flush_verify_memtable_count: 1
2024/10/24-14:52:09.297864 764c          Options.compaction_verify_record_count: 1
2024/10/24-14:52:09.297867 764c                               Options.track_and_verify_wals_in_manifest: 0
2024/10/24-14:52:09.297871 764c        Options.verify_sst_unique_id_in_manifest: 1
2024/10/24-14:52:09.297874 764c                                     Options.env: 00000238147FA170
2024/10/24-14:52:09.297880 764c                                      Options.fs: WinFS
2024/10/24-14:52:09.297884 764c                                Options.info_log: 000002381899DA70
2024/10/24-14:52:09.297887 764c                Options.max_file_opening_threads: 16
2024/10/24-14:52:09.297890 764c                              Options.statistics: 0000023811EA9A80
2024/10/24-14:52:09.297894 764c                              Options.statistics stats level: 3
2024/10/24-14:52:09.297898 764c                               Options.use_fsync: 0
2024/10/24-14:52:09.297902 764c                       Options.max_log_file_size: 0
2024/10/24-14:52:09.297905 764c                  Options.max_manifest_file_size: 1073741824
2024/10/24-14:52:09.297909 764c                   Options.log_file_time_to_roll: 0
2024/10/24-14:52:09.297912 764c                       Options.keep_log_file_num: 100
2024/10/24-14:52:09.297916 764c                    Options.recycle_log_file_num: 0
2024/10/24-14:52:09.297919 764c                         Options.allow_fallocate: 1
2024/10/24-14:52:09.297923 764c                        Options.allow_mmap_reads: 0
2024/10/24-14:52:09.297929 764c                       Options.allow_mmap_writes: 0
2024/10/24-14:52:09.297936 764c                        Options.use_direct_reads: 0
2024/10/24-14:52:09.297941 764c                        Options.use_direct_io_for_flush_and_compaction: 0
2024/10/24-14:52:09.297946 764c          Options.create_missing_column_families: 1
2024/10/24-14:52:09.297952 764c                              Options.db_log_dir: 
2024/10/24-14:52:09.297958 764c                                 Options.wal_dir: 
2024/10/24-14:52:09.297963 764c                Options.table_cache_numshardbits: 6
2024/10/24-14:52:09.297968 764c                         Options.WAL_ttl_seconds: 0
2024/10/24-14:52:09.297974 764c                       Options.WAL_size_limit_MB: 0
2024/10/24-14:52:09.297986 764c                        Options.max_write_batch_group_size_bytes: 1048576
2024/10/24-14:52:09.297995 764c             Options.manifest_preallocation_size: 4194304
2024/10/24-14:52:09.298002 764c                     Options.is_fd_close_on_exec: 1
2024/10/24-14:52:09.298008 764c                   Options.advise_random_on_open: 1
2024/10/24-14:52:09.298014 764c                    Options.db_write_buffer_size: 0
2024/10/24-14:52:09.298024 764c                    Options.write_buffer_manager: 000002387F9DA7D0
2024/10/24-14:52:09.298078 764c         Options.access_hint_on_compaction_start: 1
2024/10/24-14:52:09.298092 764c           Options.random_access_max_buffer_size: 1048576
2024/10/24-14:52:09.298099 764c                      Options.use_adaptive_mutex: 0
2024/10/24-14:52:09.298105 764c                            Options.rate_limiter: 0000000000000000
2024/10/24-14:52:09.298112 764c     Options.sst_file_manager.rate_bytes_per_sec: 0
2024/10/24-14:52:09.298118 764c                       Options.wal_recovery_mode: 2
2024/10/24-14:52:09.298123 764c                  Options.enable_thread_tracking: 0
2024/10/24-14:52:09.298129 764c                  Options.enable_pipelined_write: 0
2024/10/24-14:52:09.298136 764c                  Options.unordered_write: 0
2024/10/24-14:52:09.298142 764c         Options.allow_concurrent_memtable_write: 1
2024/10/24-14:52:09.298147 764c      Options.enable_write_thread_adaptive_yield: 1
2024/10/24-14:52:09.298153 764c             Options.write_thread_max_yield_usec: 100
2024/10/24-14:52:09.298159 764c            Options.write_thread_slow_yield_usec: 3
2024/10/24-14:52:09.298165 764c                               Options.row_cache: None
2024/10/24-14:52:09.298170 764c                              Options.wal_filter: None
2024/10/24-14:52:09.298179 764c             Options.avoid_flush_during_recovery: 0
2024/10/24-14:52:09.298185 764c             Options.allow_ingest_behind: 0
2024/10/24-14:52:09.298191 764c             Options.two_write_queues: 0
2024/10/24-14:52:09.298196 764c             Options.manual_wal_flush: 0
2024/10/24-14:52:09.298201 764c             Options.wal_compression: 0
2024/10/24-14:52:09.298207 764c             Options.atomic_flush: 0
2024/10/24-14:52:09.298212 764c             Options.avoid_unnecessary_blocking_io: 0
2024/10/24-14:52:09.298218 764c                 Options.persist_stats_to_disk: 0
2024/10/24-14:52:09.298223 764c                 Options.write_dbid_to_manifest: 0
2024/10/24-14:52:09.298229 764c                 Options.log_readahead_size: 0
2024/10/24-14:52:09.298235 764c                 Options.file_checksum_gen_factory: Unknown
2024/10/24-14:52:09.298241 764c                 Options.best_efforts_recovery: 0
2024/10/24-14:52:09.298246 764c                Options.max_bgerror_resume_count: 2147483647
2024/10/24-14:52:09.298252 764c            Options.bgerror_resume_retry_interval: 1000000
2024/10/24-14:52:09.298258 764c             Options.allow_data_in_errors: 0
2024/10/24-14:52:09.298263 764c             Options.db_host_id: __hostname__
2024/10/24-14:52:09.298268 764c             Options.enforce_single_del_contracts: true
2024/10/24-14:52:09.298274 764c             Options.max_background_jobs: 2
2024/10/24-14:52:09.298279 764c             Options.max_background_compactions: -1
2024/10/24-14:52:09.298285 764c             Options.max_subcompactions: 1
2024/10/24-14:52:09.298290 764c             Options.avoid_flush_during_shutdown: 0
2024/10/24-14:52:09.298294 764c           Options.writable_file_max_buffer_size: 1048576
2024/10/24-14:52:09.298300 764c             Options.delayed_write_rate : 16777216
2024/10/24-14:52:09.298305 764c             Options.max_total_wal_size: 1073741824
2024/10/24-14:52:09.298309 764c             Options.delete_obsolete_files_period_micros: 21600000000
2024/10/24-14:52:09.298315 764c                   Options.stats_dump_period_sec: 600
2024/10/24-14:52:09.298324 764c                 Options.stats_persist_period_sec: 600
2024/10/24-14:52:09.298333 764c                 Options.stats_history_buffer_size: 1048576
2024/10/24-14:52:09.298344 764c                          Options.max_open_files: -1
2024/10/24-14:52:09.298351 764c                          Options.bytes_per_sync: 0
2024/10/24-14:52:09.298358 764c                      Options.wal_bytes_per_sync: 0
2024/10/24-14:52:09.298364 764c                   Options.strict_bytes_per_sync: 0
2024/10/24-14:52:09.298369 764c       Options.compaction_readahead_size: 2097152
2024/10/24-14:52:09.298375 764c                  Options.max_background_flushes: -1
2024/10/24-14:52:09.298414 764c Options.daily_offpeak_time_utc: 
2024/10/24-14:52:09.298424 764c Compression algorithms supported:
2024/10/24-14:52:09.298433 764c 	kZSTD supported: 1
2024/10/24-14:52:09.298439 764c 	kSnappyCompression supported: 1
2024/10/24-14:52:09.298445 764c 	kBZip2Compression supported: 0
2024/10/24-14:52:09.298451 764c 	kZlibCompression supported: 1
2024/10/24-14:52:09.298457 764c 	kLZ4Compression supported: 1
2024/10/24-14:52:09.298463 764c 	kXpressCompression supported: 0
2024/10/24-14:52:09.298469 764c 	kLZ4HCCompression supported: 1
2024/10/24-14:52:09.298475 764c 	kZSTDNotFinalCompression supported: 1
2024/10/24-14:52:09.298488 764c Fast CRC32 supported: Not supported on x86
2024/10/24-14:52:09.298495 764c DMutex implementation: std::mutex
2024/10/24-14:52:09.301252 764c [db\version_set.cc:5906] Recovering from manifest file: C:\Users\LHY834A\Desktop\self_project\seata-shop-cloud\nacos-server-2.4.3\nacos\data\protocol\raft\naming_service_metadata\log/MANIFEST-000011
2024/10/24-14:52:09.301557 764c [db\column_family.cc:618] --------------- Options for column family [default]:
2024/10/24-14:52:09.301571 764c               Options.comparator: leveldb.BytewiseComparator
2024/10/24-14:52:09.301578 764c           Options.merge_operator: StringAppendOperator
2024/10/24-14:52:09.301583 764c        Options.compaction_filter: None
2024/10/24-14:52:09.301588 764c        Options.compaction_filter_factory: None
2024/10/24-14:52:09.301593 764c  Options.sst_partitioner_factory: None
2024/10/24-14:52:09.301598 764c         Options.memtable_factory: SkipListFactory
2024/10/24-14:52:09.301604 764c            Options.table_factory: BlockBasedTable
2024/10/24-14:52:09.301636 764c            table_factory options:   flush_block_policy_factory: FlushBlockBySizePolicyFactory (0000023818612E90)
  cache_index_and_filter_blocks: 0
  cache_index_and_filter_blocks_with_high_priority: 1
  pin_l0_filter_and_index_blocks_in_cache: 1
  pin_top_level_index_and_filter: 1
  index_type: 2
  data_block_index_type: 0
  index_shortening: 1
  data_block_hash_table_util_ratio: 0.750000
  checksum: 4
  no_block_cache: 0
  block_cache: 000002387F9DA510
  block_cache_name: LRUCache
  block_cache_options:
    capacity : 8388608
    num_shard_bits : 4
    strict_capacity_limit : 0
    memory_allocator : None
    high_pri_pool_ratio: 0.500
    low_pri_pool_ratio: 0.000
  persistent_cache: 0000000000000000
  block_size: 4096
  block_size_deviation: 10
  block_restart_interval: 16
  index_block_restart_interval: 1
  metadata_block_size: 8192
  partition_filters: 1
  use_delta_encoding: 1
  filter_policy: nullptr
  whole_key_filtering: 1
  verify_compression: 0
  read_amp_bytes_per_bit: 0
  format_version: 5
  enable_index_compression: 1
  block_align: 0
  max_auto_readahead_size: 262144
  prepopulate_block_cache: 0
  initial_auto_readahead_size: 8192
  num_file_reads_for_auto_readahead: 2
2024/10/24-14:52:09.301643 764c        Options.write_buffer_size: 67108864
2024/10/24-14:52:09.301649 764c  Options.max_write_buffer_number: 3
2024/10/24-14:52:09.301655 764c          Options.compression: Snappy
2024/10/24-14:52:09.301660 764c                  Options.bottommost_compression: Disabled
2024/10/24-14:52:09.301666 764c       Options.prefix_extractor: rocksdb.FixedPrefix
2024/10/24-14:52:09.301671 764c   Options.memtable_insert_with_hint_prefix_extractor: nullptr
2024/10/24-14:52:09.301676 764c             Options.num_levels: 7
2024/10/24-14:52:09.301681 764c        Options.min_write_buffer_number_to_merge: 1
2024/10/24-14:52:09.301686 764c     Options.max_write_buffer_number_to_maintain: 0
2024/10/24-14:52:09.301692 764c     Options.max_write_buffer_size_to_maintain: 0
2024/10/24-14:52:09.301697 764c            Options.bottommost_compression_opts.window_bits: -14
2024/10/24-14:52:09.301702 764c                  Options.bottommost_compression_opts.level: 32767
2024/10/24-14:52:09.301707 764c               Options.bottommost_compression_opts.strategy: 0
2024/10/24-14:52:09.301712 764c         Options.bottommost_compression_opts.max_dict_bytes: 0
2024/10/24-14:52:09.301722 764c         Options.bottommost_compression_opts.zstd_max_train_bytes: 0
2024/10/24-14:52:09.301729 764c         Options.bottommost_compression_opts.parallel_threads: 1
2024/10/24-14:52:09.301735 764c                  Options.bottommost_compression_opts.enabled: false
2024/10/24-14:52:09.301742 764c         Options.bottommost_compression_opts.max_dict_buffer_bytes: 0
2024/10/24-14:52:09.301748 764c         Options.bottommost_compression_opts.use_zstd_dict_trainer: true
2024/10/24-14:52:09.301754 764c            Options.compression_opts.window_bits: -14
2024/10/24-14:52:09.301759 764c                  Options.compression_opts.level: 32767
2024/10/24-14:52:09.301764 764c               Options.compression_opts.strategy: 0
2024/10/24-14:52:09.301769 764c         Options.compression_opts.max_dict_bytes: 0
2024/10/24-14:52:09.301774 764c         Options.compression_opts.zstd_max_train_bytes: 0
2024/10/24-14:52:09.301779 764c         Options.compression_opts.use_zstd_dict_trainer: true
2024/10/24-14:52:09.301785 764c         Options.compression_opts.parallel_threads: 1
2024/10/24-14:52:09.301791 764c                  Options.compression_opts.enabled: false
2024/10/24-14:52:09.301796 764c         Options.compression_opts.max_dict_buffer_bytes: 0
2024/10/24-14:52:09.301801 764c      Options.level0_file_num_compaction_trigger: 10
2024/10/24-14:52:09.301806 764c          Options.level0_slowdown_writes_trigger: 20
2024/10/24-14:52:09.301810 764c              Options.level0_stop_writes_trigger: 40
2024/10/24-14:52:09.301815 764c                   Options.target_file_size_base: 67108864
2024/10/24-14:52:09.301819 764c             Options.target_file_size_multiplier: 1
2024/10/24-14:52:09.301824 764c                Options.max_bytes_for_level_base: 536870912
2024/10/24-14:52:09.301828 764c Options.level_compaction_dynamic_level_bytes: 1
2024/10/24-14:52:09.301833 764c          Options.max_bytes_for_level_multiplier: 10.000000
2024/10/24-14:52:09.301839 764c Options.max_bytes_for_level_multiplier_addtl[0]: 1
2024/10/24-14:52:09.301844 764c Options.max_bytes_for_level_multiplier_addtl[1]: 1
2024/10/24-14:52:09.301848 764c Options.max_bytes_for_level_multiplier_addtl[2]: 1
2024/10/24-14:52:09.301853 764c Options.max_bytes_for_level_multiplier_addtl[3]: 1
2024/10/24-14:52:09.301858 764c Options.max_bytes_for_level_multiplier_addtl[4]: 1
2024/10/24-14:52:09.301863 764c Options.max_bytes_for_level_multiplier_addtl[5]: 1
2024/10/24-14:52:09.301868 764c Options.max_bytes_for_level_multiplier_addtl[6]: 1
2024/10/24-14:52:09.301872 764c       Options.max_sequential_skip_in_iterations: 8
2024/10/24-14:52:09.301877 764c                    Options.max_compaction_bytes: 1677721600
2024/10/24-14:52:09.301881 764c   Options.ignore_max_compaction_bytes_for_input: true
2024/10/24-14:52:09.301885 764c                        Options.arena_block_size: 1048576
2024/10/24-14:52:09.301890 764c   Options.soft_pending_compaction_bytes_limit: 68719476736
2024/10/24-14:52:09.301894 764c   Options.hard_pending_compaction_bytes_limit: 274877906944
2024/10/24-14:52:09.301898 764c                Options.disable_auto_compactions: 0
2024/10/24-14:52:09.301904 764c                        Options.compaction_style: kCompactionStyleLevel
2024/10/24-14:52:09.301909 764c                          Options.compaction_pri: kMinOverlappingRatio
2024/10/24-14:52:09.301914 764c Options.compaction_options_universal.size_ratio: 1
2024/10/24-14:52:09.301918 764c Options.compaction_options_universal.min_merge_width: 2
2024/10/24-14:52:09.301923 764c Options.compaction_options_universal.max_merge_width: 4294967295
2024/10/24-14:52:09.301927 764c Options.compaction_options_universal.max_size_amplification_percent: 200
2024/10/24-14:52:09.301931 764c Options.compaction_options_universal.compression_size_percent: -1
2024/10/24-14:52:09.301936 764c Options.compaction_options_universal.stop_style: kCompactionStopStyleTotalSize
2024/10/24-14:52:09.301941 764c Options.compaction_options_fifo.max_table_files_size: 1073741824
2024/10/24-14:52:09.301945 764c Options.compaction_options_fifo.allow_compaction: 0
2024/10/24-14:52:09.302005 764c                   Options.table_properties_collectors: 
2024/10/24-14:52:09.302013 764c                   Options.inplace_update_support: 0
2024/10/24-14:52:09.302018 764c                 Options.inplace_update_num_locks: 10000
2024/10/24-14:52:09.302023 764c               Options.memtable_prefix_bloom_size_ratio: 0.125000
2024/10/24-14:52:09.302029 764c               Options.memtable_whole_key_filtering: 0
2024/10/24-14:52:09.302035 764c   Options.memtable_huge_page_size: 0
2024/10/24-14:52:09.302039 764c                           Options.bloom_locality: 0
2024/10/24-14:52:09.302044 764c                    Options.max_successive_merges: 0
2024/10/24-14:52:09.302049 764c                Options.optimize_filters_for_hits: 0
2024/10/24-14:52:09.302053 764c                Options.paranoid_file_checks: 0
2024/10/24-14:52:09.302057 764c                Options.force_consistency_checks: 1
2024/10/24-14:52:09.302062 764c                Options.report_bg_io_stats: 0
2024/10/24-14:52:09.302067 764c                               Options.ttl: 2592000
2024/10/24-14:52:09.302071 764c          Options.periodic_compaction_seconds: 0
2024/10/24-14:52:09.302076 764c                        Options.default_temperature: kUnknown
2024/10/24-14:52:09.302081 764c  Options.preclude_last_level_data_seconds: 0
2024/10/24-14:52:09.302085 764c    Options.preserve_internal_time_seconds: 0
2024/10/24-14:52:09.302090 764c                       Options.enable_blob_files: false
2024/10/24-14:52:09.302095 764c                           Options.min_blob_size: 0
2024/10/24-14:52:09.302100 764c                          Options.blob_file_size: 268435456
2024/10/24-14:52:09.302105 764c                   Options.blob_compression_type: NoCompression
2024/10/24-14:52:09.302109 764c          Options.enable_blob_garbage_collection: false
2024/10/24-14:52:09.302114 764c      Options.blob_garbage_collection_age_cutoff: 0.250000
2024/10/24-14:52:09.302119 764c Options.blob_garbage_collection_force_threshold: 1.000000
2024/10/24-14:52:09.302124 764c          Options.blob_compaction_readahead_size: 0
2024/10/24-14:52:09.302129 764c                Options.blob_file_starting_level: 0
2024/10/24-14:52:09.302133 764c         Options.experimental_mempurge_threshold: 0.000000
2024/10/24-14:52:09.302138 764c            Options.memtable_max_range_deletions: 0
2024/10/24-14:52:09.306742 764c [db\column_family.cc:618] --------------- Options for column family [Configuration]:
2024/10/24-14:52:09.306806 764c               Options.comparator: leveldb.BytewiseComparator
2024/10/24-14:52:09.306815 764c           Options.merge_operator: StringAppendOperator
2024/10/24-14:52:09.306819 764c        Options.compaction_filter: None
2024/10/24-14:52:09.306822 764c        Options.compaction_filter_factory: None
2024/10/24-14:52:09.306826 764c  Options.sst_partitioner_factory: None
2024/10/24-14:52:09.306830 764c         Options.memtable_factory: SkipListFactory
2024/10/24-14:52:09.306833 764c            Options.table_factory: BlockBasedTable
2024/10/24-14:52:09.306884 764c            table_factory options:   flush_block_policy_factory: FlushBlockBySizePolicyFactory (0000023818612E90)
  cache_index_and_filter_blocks: 0
  cache_index_and_filter_blocks_with_high_priority: 1
  pin_l0_filter_and_index_blocks_in_cache: 1
  pin_top_level_index_and_filter: 1
  index_type: 2
  data_block_index_type: 0
  index_shortening: 1
  data_block_hash_table_util_ratio: 0.750000
  checksum: 4
  no_block_cache: 0
  block_cache: 000002387F9DA510
  block_cache_name: LRUCache
  block_cache_options:
    capacity : 8388608
    num_shard_bits : 4
    strict_capacity_limit : 0
    memory_allocator : None
    high_pri_pool_ratio: 0.500
    low_pri_pool_ratio: 0.000
  persistent_cache: 0000000000000000
  block_size: 4096
  block_size_deviation: 10
  block_restart_interval: 16
  index_block_restart_interval: 1
  metadata_block_size: 8192
  partition_filters: 1
  use_delta_encoding: 1
  filter_policy: nullptr
  whole_key_filtering: 1
  verify_compression: 0
  read_amp_bytes_per_bit: 0
  format_version: 5
  enable_index_compression: 1
  block_align: 0
  max_auto_readahead_size: 262144
  prepopulate_block_cache: 0
  initial_auto_readahead_size: 8192
  num_file_reads_for_auto_readahead: 2
2024/10/24-14:52:09.306905 764c        Options.write_buffer_size: 67108864
2024/10/24-14:52:09.306913 764c  Options.max_write_buffer_number: 3
2024/10/24-14:52:09.306916 764c          Options.compression: Snappy
2024/10/24-14:52:09.306920 764c                  Options.bottommost_compression: Disabled
2024/10/24-14:52:09.306924 764c       Options.prefix_extractor: rocksdb.FixedPrefix
2024/10/24-14:52:09.306927 764c   Options.memtable_insert_with_hint_prefix_extractor: nullptr
2024/10/24-14:52:09.306931 764c             Options.num_levels: 7
2024/10/24-14:52:09.306934 764c        Options.min_write_buffer_number_to_merge: 1
2024/10/24-14:52:09.306937 764c     Options.max_write_buffer_number_to_maintain: 0
2024/10/24-14:52:09.306941 764c     Options.max_write_buffer_size_to_maintain: 0
2024/10/24-14:52:09.306944 764c            Options.bottommost_compression_opts.window_bits: -14
2024/10/24-14:52:09.306948 764c                  Options.bottommost_compression_opts.level: 32767
2024/10/24-14:52:09.306951 764c               Options.bottommost_compression_opts.strategy: 0
2024/10/24-14:52:09.306955 764c         Options.bottommost_compression_opts.max_dict_bytes: 0
2024/10/24-14:52:09.306959 764c         Options.bottommost_compression_opts.zstd_max_train_bytes: 0
2024/10/24-14:52:09.306962 764c         Options.bottommost_compression_opts.parallel_threads: 1
2024/10/24-14:52:09.306966 764c                  Options.bottommost_compression_opts.enabled: false
2024/10/24-14:52:09.306969 764c         Options.bottommost_compression_opts.max_dict_buffer_bytes: 0
2024/10/24-14:52:09.306973 764c         Options.bottommost_compression_opts.use_zstd_dict_trainer: true
2024/10/24-14:52:09.306976 764c            Options.compression_opts.window_bits: -14
2024/10/24-14:52:09.306980 764c                  Options.compression_opts.level: 32767
2024/10/24-14:52:09.306983 764c               Options.compression_opts.strategy: 0
2024/10/24-14:52:09.306986 764c         Options.compression_opts.max_dict_bytes: 0
2024/10/24-14:52:09.306990 764c         Options.compression_opts.zstd_max_train_bytes: 0
2024/10/24-14:52:09.306993 764c         Options.compression_opts.use_zstd_dict_trainer: true
2024/10/24-14:52:09.306997 764c         Options.compression_opts.parallel_threads: 1
2024/10/24-14:52:09.307000 764c                  Options.compression_opts.enabled: false
2024/10/24-14:52:09.307003 764c         Options.compression_opts.max_dict_buffer_bytes: 0
2024/10/24-14:52:09.307007 764c      Options.level0_file_num_compaction_trigger: 10
2024/10/24-14:52:09.307010 764c          Options.level0_slowdown_writes_trigger: 20
2024/10/24-14:52:09.307014 764c              Options.level0_stop_writes_trigger: 40
2024/10/24-14:52:09.307017 764c                   Options.target_file_size_base: 67108864
2024/10/24-14:52:09.307021 764c             Options.target_file_size_multiplier: 1
2024/10/24-14:52:09.307024 764c                Options.max_bytes_for_level_base: 536870912
2024/10/24-14:52:09.307027 764c Options.level_compaction_dynamic_level_bytes: 1
2024/10/24-14:52:09.307031 764c          Options.max_bytes_for_level_multiplier: 10.000000
2024/10/24-14:52:09.307035 764c Options.max_bytes_for_level_multiplier_addtl[0]: 1
2024/10/24-14:52:09.307039 764c Options.max_bytes_for_level_multiplier_addtl[1]: 1
2024/10/24-14:52:09.307042 764c Options.max_bytes_for_level_multiplier_addtl[2]: 1
2024/10/24-14:52:09.307046 764c Options.max_bytes_for_level_multiplier_addtl[3]: 1
2024/10/24-14:52:09.307049 764c Options.max_bytes_for_level_multiplier_addtl[4]: 1
2024/10/24-14:52:09.307053 764c Options.max_bytes_for_level_multiplier_addtl[5]: 1
2024/10/24-14:52:09.307056 764c Options.max_bytes_for_level_multiplier_addtl[6]: 1
2024/10/24-14:52:09.307059 764c       Options.max_sequential_skip_in_iterations: 8
2024/10/24-14:52:09.307063 764c                    Options.max_compaction_bytes: 1677721600
2024/10/24-14:52:09.307071 764c   Options.ignore_max_compaction_bytes_for_input: true
2024/10/24-14:52:09.307075 764c                        Options.arena_block_size: 1048576
2024/10/24-14:52:09.307079 764c   Options.soft_pending_compaction_bytes_limit: 68719476736
2024/10/24-14:52:09.307087 764c   Options.hard_pending_compaction_bytes_limit: 274877906944
2024/10/24-14:52:09.307097 764c                Options.disable_auto_compactions: 0
2024/10/24-14:52:09.307106 764c                        Options.compaction_style: kCompactionStyleLevel
2024/10/24-14:52:09.307118 764c                          Options.compaction_pri: kMinOverlappingRatio
2024/10/24-14:52:09.307123 764c Options.compaction_options_universal.size_ratio: 1
2024/10/24-14:52:09.307126 764c Options.compaction_options_universal.min_merge_width: 2
2024/10/24-14:52:09.307130 764c Options.compaction_options_universal.max_merge_width: 4294967295
2024/10/24-14:52:09.307133 764c Options.compaction_options_universal.max_size_amplification_percent: 200
2024/10/24-14:52:09.307136 764c Options.compaction_options_universal.compression_size_percent: -1
2024/10/24-14:52:09.307140 764c Options.compaction_options_universal.stop_style: kCompactionStopStyleTotalSize
2024/10/24-14:52:09.307144 764c Options.compaction_options_fifo.max_table_files_size: 1073741824
2024/10/24-14:52:09.307147 764c Options.compaction_options_fifo.allow_compaction: 0
2024/10/24-14:52:09.307154 764c                   Options.table_properties_collectors: 
2024/10/24-14:52:09.307157 764c                   Options.inplace_update_support: 0
2024/10/24-14:52:09.307161 764c                 Options.inplace_update_num_locks: 10000
2024/10/24-14:52:09.307164 764c               Options.memtable_prefix_bloom_size_ratio: 0.125000
2024/10/24-14:52:09.307169 764c               Options.memtable_whole_key_filtering: 0
2024/10/24-14:52:09.307172 764c   Options.memtable_huge_page_size: 0
2024/10/24-14:52:09.307175 764c                           Options.bloom_locality: 0
2024/10/24-14:52:09.307179 764c                    Options.max_successive_merges: 0
2024/10/24-14:52:09.307182 764c                Options.optimize_filters_for_hits: 0
2024/10/24-14:52:09.307185 764c                Options.paranoid_file_checks: 0
2024/10/24-14:52:09.307189 764c                Options.force_consistency_checks: 1
2024/10/24-14:52:09.307192 764c                Options.report_bg_io_stats: 0
2024/10/24-14:52:09.307195 764c                               Options.ttl: 2592000
2024/10/24-14:52:09.307199 764c          Options.periodic_compaction_seconds: 0
2024/10/24-14:52:09.307202 764c                        Options.default_temperature: kUnknown
2024/10/24-14:52:09.307206 764c  Options.preclude_last_level_data_seconds: 0
2024/10/24-14:52:09.307209 764c    Options.preserve_internal_time_seconds: 0
2024/10/24-14:52:09.307212 764c                       Options.enable_blob_files: false
2024/10/24-14:52:09.307216 764c                           Options.min_blob_size: 0
2024/10/24-14:52:09.307219 764c                          Options.blob_file_size: 268435456
2024/10/24-14:52:09.307223 764c                   Options.blob_compression_type: NoCompression
2024/10/24-14:52:09.307226 764c          Options.enable_blob_garbage_collection: false
2024/10/24-14:52:09.307230 764c      Options.blob_garbage_collection_age_cutoff: 0.250000
2024/10/24-14:52:09.307233 764c Options.blob_garbage_collection_force_threshold: 1.000000
2024/10/24-14:52:09.307237 764c          Options.blob_compaction_readahead_size: 0
2024/10/24-14:52:09.307240 764c                Options.blob_file_starting_level: 0
2024/10/24-14:52:09.307244 764c         Options.experimental_mempurge_threshold: 0.000000
2024/10/24-14:52:09.307247 764c            Options.memtable_max_range_deletions: 0
2024/10/24-14:52:09.313744 764c [db\version_set.cc:5957] Recovered from manifest file:C:\Users\LHY834A\Desktop\self_project\seata-shop-cloud\nacos-server-2.4.3\nacos\data\protocol\raft\naming_service_metadata\log/MANIFEST-000011 succeeded,manifest_file_number is 11, next_file_number is 13, last_sequence is 289, log_number is 5,prev_log_number is 0,max_column_family is 1,min_log_number_to_keep is 5
2024/10/24-14:52:09.313779 764c [db\version_set.cc:5966] Column family [default] (ID 0), log number is 5
2024/10/24-14:52:09.313786 764c [db\version_set.cc:5966] Column family [Configuration] (ID 1), log number is 5
2024/10/24-14:52:09.314300 764c [db\db_impl\db_impl_open.cc:646] DB ID: 8dd3681a-8ada-11ef-b730-c8d9d23744a6
2024/10/24-14:52:09.315930 764c EVENT_LOG_v1 {"time_micros": 1729752729315921, "job": 1, "event": "recovery_started", "wal_files": [10]}
2024/10/24-14:52:09.315949 764c [db\db_impl\db_impl_open.cc:1145] Recovering log #10 mode 2
2024/10/24-14:52:09.329484 764c EVENT_LOG_v1 {"time_micros": 1729752729329439, "cf_name": "default", "job": 1, "event": "table_file_creation", "file_number": 14, "file_size": 1057, "file_checksum": "", "file_checksum_func_name": "Unknown", "smallest_seqno": 291, "largest_seqno": 291, "table_properties": {"data_size": 0, "index_size": 13, "index_partitions": 0, "top_level_index_size": 8, "index_key_is_user_key": 1, "index_value_is_delta_encoded": 1, "filter_size": 0, "raw_key_size": 16, "raw_average_key_size": 16, "raw_value_size": 8, "raw_average_value_size": 8, "num_data_blocks": 0, "num_entries": 1, "num_filter_entries": 0, "num_deletions": 1, "num_merge_operands": 0, "num_range_deletions": 1, "format_version": 0, "fixed_key_len": 0, "filter_policy": "", "column_family_name": "default", "column_family_id": 0, "comparator": "leveldb.BytewiseComparator", "user_defined_timestamps_persisted": 1, "merge_operator": "StringAppendOperator", "prefix_extractor_name": "rocksdb.FixedPrefix.8", "property_collectors": "[]", "compression": "Snappy", "compression_options": "window_bits=-14; level=32767; strategy=0; max_dict_bytes=0; zstd_max_train_bytes=0; enabled=0; max_dict_buffer_bytes=0; use_zstd_dict_trainer=1; ", "creation_time": 1729752729, "oldest_key_time": 0, "file_creation_time": 0, "slow_compression_estimated_data_size": 0, "fast_compression_estimated_data_size": 0, "db_id": "8dd3681a-8ada-11ef-b730-c8d9d23744a6", "db_session_id": "RR12NSA8KSV4EUCF44AM", "orig_file_number": 14, "seqno_to_time_mapping": "N/A"}}
2024/10/24-14:52:09.345699 764c EVENT_LOG_v1 {"time_micros": 1729752729345665, "cf_name": "Configuration", "job": 1, "event": "table_file_creation", "file_number": 15, "file_size": 1202, "file_checksum": "", "file_checksum_func_name": "Unknown", "smallest_seqno": 292, "largest_seqno": 428, "table_properties": {"data_size": 44, "index_size": 65, "index_partitions": 1, "top_level_index_size": 30, "index_key_is_user_key": 1, "index_value_is_delta_encoded": 1, "filter_size": 0, "raw_key_size": 42, "raw_average_key_size": 21, "raw_value_size": 16, "raw_average_value_size": 8, "num_data_blocks": 1, "num_entries": 2, "num_filter_entries": 0, "num_deletions": 1, "num_merge_operands": 0, "num_range_deletions": 1, "format_version": 0, "fixed_key_len": 0, "filter_policy": "", "column_family_name": "Configuration", "column_family_id": 1, "comparator": "leveldb.BytewiseComparator", "user_defined_timestamps_persisted": 1, "merge_operator": "StringAppendOperator", "prefix_extractor_name": "rocksdb.FixedPrefix.8", "property_collectors": "[]", "compression": "Snappy", "compression_options": "window_bits=-14; level=32767; strategy=0; max_dict_bytes=0; zstd_max_train_bytes=0; enabled=0; max_dict_buffer_bytes=0; use_zstd_dict_trainer=1; ", "creation_time": 1729752729, "oldest_key_time": 0, "file_creation_time": 0, "slow_compression_estimated_data_size": 0, "fast_compression_estimated_data_size": 0, "db_id": "8dd3681a-8ada-11ef-b730-c8d9d23744a6", "db_session_id": "RR12NSA8KSV4EUCF44AM", "orig_file_number": 15, "seqno_to_time_mapping": "N/A"}}
2024/10/24-14:52:09.360364 764c EVENT_LOG_v1 {"time_micros": 1729752729360355, "job": 1, "event": "recovery_finished"}
2024/10/24-14:52:09.361783 764c [db\version_set.cc:5417] Creating manifest 17
2024/10/24-14:52:09.419251 764c [file\delete_scheduler.cc:77] Deleted file C:\Users\LHY834A\Desktop\self_project\seata-shop-cloud\nacos-server-2.4.3\nacos\data\protocol\raft\naming_service_metadata\log/000010.log immediately, rate_bytes_per_sec 0, total_trash_size 0 max_trash_db_ratio 0.250000
2024/10/24-14:52:09.420024 764c [db\db_impl\db_impl_open.cc:2150] SstFileManager instance 000002387E68D110
2024/10/24-14:52:09.420856 764c DB pointer 00000238142C2080
2024/10/24-14:52:18.430759 6fb8 [db\db_impl\db_impl.cc:1141] ------- DUMPING STATS -------
2024/10/24-14:52:18.430810 6fb8 [db\db_impl\db_impl.cc:1142] 
** DB Stats **
Uptime(secs): 9.1 total, 9.1 interval
Cumulative writes: 5 writes, 5 keys, 5 commit groups, 1.0 writes per commit group, ingest: 0.00 GB, 0.00 MB/s
Cumulative WAL: 5 writes, 1 syncs, 5.00 writes per sync, written: 0.00 GB, 0.00 MB/s
Cumulative stall: 00:00:0.000 H:M:S, 0.0 percent
Interval writes: 5 writes, 5 keys, 5 commit groups, 1.0 writes per commit group, ingest: 0.00 MB, 0.00 MB/s
Interval WAL: 5 writes, 1 syncs, 5.00 writes per sync, written: 0.00 GB, 0.00 MB/s
Interval stall: 00:00:0.000 H:M:S, 0.0 percent
Write Stall (count): write-buffer-manager-limit-stops: 0

** Compaction Stats [default] **
Level    Files   Size     Score Read(GB)  Rn(GB) Rnp1(GB) Write(GB) Wnew(GB) Moved(GB) W-Amp Rd(MB/s) Wr(MB/s) Comp(sec) CompMergeCPU(sec) Comp(cnt) Avg(sec) KeyIn KeyDrop Rblob(GB) Wblob(GB)
------------------------------------------------------------------------------------------------------------------------------------------------------------------------------------------------
  L0      2/0    2.06 KB   0.2      0.0     0.0      0.0       0.0      0.0       0.0   1.0      0.0      0.1      0.01              0.00         1    0.013       0      0       0.0       0.0
 Sum      2/0    2.06 KB   0.0      0.0     0.0      0.0       0.0      0.0       0.0   1.0      0.0      0.1      0.01              0.00         1    0.013       0      0       0.0       0.0
 Int      0/0    0.00 KB   0.0      0.0     0.0      0.0       0.0      0.0       0.0   1.0      0.0      0.1      0.01              0.00         1    0.013       0      0       0.0       0.0

** Compaction Stats [default] **
Priority    Files   Size     Score Read(GB)  Rn(GB) Rnp1(GB) Write(GB) Wnew(GB) Moved(GB) W-Amp Rd(MB/s) Wr(MB/s) Comp(sec) CompMergeCPU(sec) Comp(cnt) Avg(sec) KeyIn KeyDrop Rblob(GB) Wblob(GB)
---------------------------------------------------------------------------------------------------------------------------------------------------------------------------------------------------
User      0/0    0.00 KB   0.0      0.0     0.0      0.0       0.0      0.0       0.0   0.0      0.0      0.1      0.01              0.00         1    0.013       0      0       0.0       0.0

Blob file count: 0, total size: 0.0 GB, garbage size: 0.0 GB, space amp: 0.0

Uptime(secs): 9.1 total, 9.1 interval
Flush(GB): cumulative 0.000, interval 0.000
AddFile(GB): cumulative 0.000, interval 0.000
AddFile(Total Files): cumulative 0, interval 0
AddFile(L0 Files): cumulative 0, interval 0
AddFile(Keys): cumulative 0, interval 0
Cumulative compaction: 0.00 GB write, 0.00 MB/s write, 0.00 GB read, 0.00 MB/s read, 0.0 seconds
Interval compaction: 0.00 GB write, 0.00 MB/s write, 0.00 GB read, 0.00 MB/s read, 0.0 seconds
Write Stall (count): cf-l0-file-count-limit-delays-with-ongoing-compaction: 0, cf-l0-file-count-limit-stops-with-ongoing-compaction: 0, l0-file-count-limit-delays: 0, l0-file-count-limit-stops: 0, memtable-limit-delays: 0, memtable-limit-stops: 0, pending-compaction-bytes-delays: 0, pending-compaction-bytes-stops: 0, total-delays: 0, total-stops: 0
Block cache LRUCache@000002387F9DA510#22444 capacity: 8.00 MB seed: 404611216 usage: 1.74 KB table_size: 256 occupancy: 9 collections: 1 last_copies: 1 last_secs: 9.8e-05 secs_since: 0
Block cache entry stats(count,size,portion): DataBlock(6,0.74 KB,0.00903606%) IndexBlock(2,0.23 KB,0.00281334%) Misc(1,0.00 KB,0%)

** File Read Latency Histogram By Level [default] **
** Level 0 read latency histogram (micros):
Count: 2 Average: 227.5000  StdDev: 194.50
Min: 33  Median: 34.0000  Max: 422
Percentiles: P50: 34.00 P75: 422.00 P99: 422.00 P99.9: 422.00 P99.99: 422.00
------------------------------------------------------
(      22,      34 ]        1  50.000%  50.000% ##########
(     380,     580 ]        1  50.000% 100.000% ##########


** Compaction Stats [Configuration] **
Level    Files   Size     Score Read(GB)  Rn(GB) Rnp1(GB) Write(GB) Wnew(GB) Moved(GB) W-Amp Rd(MB/s) Wr(MB/s) Comp(sec) CompMergeCPU(sec) Comp(cnt) Avg(sec) KeyIn KeyDrop Rblob(GB) Wblob(GB)
------------------------------------------------------------------------------------------------------------------------------------------------------------------------------------------------
  L0      2/0    2.35 KB   0.2      0.0     0.0      0.0       0.0      0.0       0.0   1.0      0.0      0.1      0.01              0.00         1    0.013       0      0       0.0       0.0
 Sum      2/0    2.35 KB   0.0      0.0     0.0      0.0       0.0      0.0       0.0   1.0      0.0      0.1      0.01              0.00         1    0.013       0      0       0.0       0.0
 Int      0/0    0.00 KB   0.0      0.0     0.0      0.0       0.0      0.0       0.0   1.0      0.0      0.1      0.01              0.00         1    0.013       0      0       0.0       0.0

** Compaction Stats [Configuration] **
Priority    Files   Size     Score Read(GB)  Rn(GB) Rnp1(GB) Write(GB) Wnew(GB) Moved(GB) W-Amp Rd(MB/s) Wr(MB/s) Comp(sec) CompMergeCPU(sec) Comp(cnt) Avg(sec) KeyIn KeyDrop Rblob(GB) Wblob(GB)
---------------------------------------------------------------------------------------------------------------------------------------------------------------------------------------------------
User      0/0    0.00 KB   0.0      0.0     0.0      0.0       0.0      0.0       0.0   0.0      0.0      0.1      0.01              0.00         1    0.013       0      0       0.0       0.0

Blob file count: 0, total size: 0.0 GB, garbage size: 0.0 GB, space amp: 0.0

Uptime(secs): 9.1 total, 9.1 interval
Flush(GB): cumulative 0.000, interval 0.000
AddFile(GB): cumulative 0.000, interval 0.000
AddFile(Total Files): cumulative 0, interval 0
AddFile(L0 Files): cumulative 0, interval 0
AddFile(Keys): cumulative 0, interval 0
Cumulative compaction: 0.00 GB write, 0.00 MB/s write, 0.00 GB read, 0.00 MB/s read, 0.0 seconds
Interval compaction: 0.00 GB write, 0.00 MB/s write, 0.00 GB read, 0.00 MB/s read, 0.0 seconds
Write Stall (count): cf-l0-file-count-limit-delays-with-ongoing-compaction: 0, cf-l0-file-count-limit-stops-with-ongoing-compaction: 0, l0-file-count-limit-delays: 0, l0-file-count-limit-stops: 0, memtable-limit-delays: 0, memtable-limit-stops: 0, pending-compaction-bytes-delays: 0, pending-compaction-bytes-stops: 0, total-delays: 0, total-stops: 0
Block cache LRUCache@000002387F9DA510#22444 capacity: 8.00 MB seed: 404611216 usage: 1.74 KB table_size: 256 occupancy: 9 collections: 1 last_copies: 1 last_secs: 9.8e-05 secs_since: 0
Block cache entry stats(count,size,portion): DataBlock(6,0.74 KB,0.00903606%) IndexBlock(2,0.23 KB,0.00281334%) Misc(1,0.00 KB,0%)

** File Read Latency Histogram By Level [Configuration] **
